0.000000
131.468628
167.919617
201.357895
206.118896
260.461121
266.925079
285.511810
286.400055
292.576477
303.784454
305.000000
319.845276
331.049835
354.132751
355.883423
364.869843
369.270905
373.065674
398.901001
399.540985
405.294952
418.800659
419.548553
421.379883
436.790558
437.594574
439.476959
441.040802
460.183655
462.082245
476.615143
481.274353
481.682465
485.056702
496.327515
502.132446
530.065063
532.076111
532.632141
549.604431
553.244995
554.707153
557.983887
562.304199
569.859619
577.631348
585.431458
599.767456
605.126404
608.047668
610.669312
645.876953
651.641785
652.561890
653.620667
675.002991
693.732666
696.500549
710.721436
710.769287
717.898315
719.956970
725.785767
726.006226
729.899963
734.401123
742.689697
742.825012
743.854797
755.312500
762.566711
765.028076
766.188599
768.531738
776.552612
790.043030
793.353638
820.329834
824.313660
826.755127
827.118469
837.009583
838.116943
880.193176
882.366150
886.247131
891.426392
893.067200
899.089539
901.264099
902.919739
915.428345
921.434204
922.581177
930.940369
936.384521
949.294495
950.238892
950.382019
954.382019
964.392029
966.632324
969.744812
984.228149
985.237549
999.644958
1001.855286
1003.884949
1011.661987
1019.475342
1021.234558
1022.102234
1026.938110
1028.904785
1028.968872
1039.001953
1048.164551
1048.820801
1049.508911
1049.562256
1053.320923
1060.844971
1061.689697
1070.174316
1073.029785
1076.091064
1084.365723
1085.009277
1101.730469
1102.744263
1103.146851
1111.680664
1111.730591
1113.217407
1116.774414
1120.457031
1121.456665
1123.162109
1126.286865
1130.848389
1133.466309
1135.605957
1147.840088
1163.605225
1164.727051
1168.151489
1168.409546
1174.674438
1179.213745
1180.006836
1183.625000
1195.230957
1195.956543
1203.184082
1203.797363
1204.349243
1205.034912
1218.744385
1223.013550
1230.812744
1231.791016
1232.513672
1239.653198
1240.453491
1243.907593
1245.951050
1251.330933
1252.559326
1267.885254
1269.038208
1271.884033
1276.690308
1283.347168
1288.169189
1289.445190
1296.483276
1298.341309
1303.750366
1318.986328
1321.591797
1339.050415
1340.222778
1340.222778
1342.544189
1347.818970
1350.576904
1362.736206
1365.513794
1371.760864
1374.483154
1376.985474
1379.400269
1379.427368
1380.960938
1386.226929
1393.804199
1394.876709
1400.110352
1400.995361
1401.707886
1418.808350
1426.011597
1429.948608
1437.314819
1437.578491
1443.587524
1447.111938
1450.633301
1451.135376
1468.491699
1473.471069
1475.144775
1478.633179
1479.249756
1483.086304
1485.475342
1487.415527
1495.591187
1497.156006
1497.706543
1500.363281
1500.661499
1500.856445
1517.278198
1519.961182
1537.546753
1541.729248
1541.739624
1546.946045
1551.101807
1557.664917
1558.360962
1562.218018
1562.269165
1563.443604
1573.157593
1577.215942
1579.171021
1580.669434
1585.576294
1589.604370
1589.840210
1590.902222
1591.440186
1591.719238
1592.119629
1600.948730
1601.480835
1603.173462
1603.566284
1608.164795
1611.946899
1623.072754
1624.409180
1628.440308
1638.227417
1638.236206
1640.903687
1641.024658
1643.505127
1649.867920
1655.217773
1658.197266
1658.752563
1662.011108
1668.978760
1669.678467
1675.721069
1680.164917
1680.835815
1686.582397
1686.697632
1693.895264
1699.313354
1712.356567
1715.735718
1715.888672
1718.323853
1724.763794
1732.434448
1741.999146
1743.378906
1745.952148
1747.359131
1750.931519
1752.924927
1754.263916
1763.643921
1764.548950
1766.553955
1769.950562
1784.765869
1790.921875
1794.353638
1795.862183
1797.533081
1800.940063
1807.076416
1812.077515
1832.984985
1835.296387
1841.400879
1849.156616
1851.108032
1852.060791
1859.254150
1865.054688
1865.901611
1866.167480
1876.194580
1880.294067
1906.926270
1908.805420
1910.057617
1912.397705
1913.993164
1922.145630
1922.255493
1923.090210
1925.718628
1926.067505
1929.215698
1931.075562
1931.128174
1931.360718
1940.569214
1946.900391
1947.672729
1950.635742
1951.148438
1951.457397
1952.860718
1957.758911
1961.765747
1963.813843
1965.150635
1972.882446
1973.266357
1980.791992
1986.045532
1986.225586
1990.113770
1995.985229
1996.493164
1996.902588
2000.514404
2011.000977
2011.199951
2011.522827
2011.662231
2018.024780
2018.110474
2022.990356
2025.087891
2026.853760
2028.249512
2032.695313
2034.562378
2039.678955
2041.550659
2041.708374
2048.112549
2050.414795
2053.182861
2071.695313
2078.843262
2081.572998
2081.670898
2086.133789
2087.276611
2088.442871
2095.609131
2095.738770
2114.669922
2125.079346
2127.077393
2127.771240
2129.835693
2131.743164
2136.906738
2139.282471
2141.238281
2141.410645
2165.035889
2168.794434
2169.439453
2170.895264
2172.487061
2174.595703
2177.325439
2184.292236
2186.306641
2187.000244
2189.195313
2192.410889
2193.876221
2195.335449
2200.365479
2204.151855
2207.156494
2208.898926
2222.257080
2223.576416
2223.649414
2224.511719
2240.413574
2240.673096
2253.718018
2257.598877
2259.148438
2262.353760
2265.697754
2266.984863
2283.497803
2284.908691
2286.776367
2290.916016
2301.076416
2321.820068
2324.077637
2326.835205
2329.674805
2330.306885
2330.341797
2333.858887
2334.169189
2335.157471
2354.219971
2358.315186
2367.197754
2373.567139
2378.534424
2378.648682
2379.732178
2379.937256
2382.114990
2383.913818
2390.830078
2394.950684
2402.364990
2403.840576
2404.401123
2413.522217
2425.577148
2426.288818
2427.133301
2428.794922
2431.523682
2436.406006
2440.564209
2443.851318
2445.981689
2445.983154
2452.868652
2453.927490
2457.865723
2459.228027
2464.440186
2465.730225
2467.299805
2471.601318
2474.259521
2475.323242
2481.963135
2487.559814
2490.119141
2496.954834
2497.853516
2500.678467
2502.207275
2505.386475
2506.768799
2509.425781
2511.057617
2512.855957
2514.458984
2524.237793
2524.456299
2527.686768
2531.027344
2533.558838
2540.344238
2541.760986
2543.773682
2549.312988
2549.906982
2552.470459
2559.955566
2568.802246
2571.627441
2572.632813
2577.884766
2580.153809
2588.482422
2589.322998
2597.847168
2605.801514
2627.593994
2650.963135
2653.682861
2655.554443
2657.361328
2657.921875
2660.029541
2661.185059
2663.953369
2665.264160
2667.313477
2668.533936
2669.162598
2675.716064
2680.279541
2684.352539
2685.268311
2693.145508
2703.873047
2717.444580
2717.985352
2720.201416
2727.002930
2735.977295
2748.273193
2755.068848
2761.647705
2771.784424
2777.301025
2777.797607
2778.669678
2787.845215
2795.232666
2798.672852
2802.266357
2823.403076
2826.487549
2828.908203
2830.106689
2834.516113
2837.890137
2838.595703
2841.839111
2843.780029
2844.397217
2859.376465
2862.586426
2866.720215
2872.108154
2876.574463
2878.628174
2884.769043
2899.398682
2902.443848
2903.187500
2904.236816
2904.496582
2905.024902
2911.581299
2915.055664
2919.814453
2921.199219
2922.531982
2927.542236
2931.291260
2938.270508
2942.410156
2944.687012
2945.350830
2948.145264
2953.195801
2956.020508
2958.006104
2959.625977
2962.043213
2971.912598
2974.016113
2975.317139
2987.186279
2992.995117
3000.854004
3006.660156
3012.486572
3028.791260
3031.376709
3036.207764
3038.111328
3041.864258
3050.484131
3065.863281
3070.360352
3075.963867
3077.907959
3079.565186
3084.114502
3085.985840
3086.086426
3097.572021
3099.578125
3101.116699
3105.933105
3108.684082
3109.422607
3112.019531
3114.236328
3114.921143
3118.638916
3118.959229
3121.774170
3122.584717
3124.142334
3124.407715
3129.520996
3131.078125
3135.201660
3137.232178
3140.171875
3150.773926
3156.119385
3160.701172
3163.745850
3168.025391
3178.246338
3183.737549
3188.119873
3188.464844
3196.946289
3206.642090
3208.125244
3208.387207
3211.890625
3218.313232
3219.979248
3226.577393
3239.168457
3240.710938
3244.314453
3246.617432
3253.055420
3253.729004
3267.789063
3273.237793
3282.122803
3295.582764
3301.255859
3305.895996
3309.312012
3312.699951
3314.129883
3327.044434
3330.465576
3330.719482
3336.403076
3339.739258
3345.979492
3348.702637
3352.392090
3357.911621
3363.916992
3375.169678
3381.325928
3383.185791
3385.157715
3385.380615
3387.399658
3397.010986
3397.900635
3400.271973
3401.059326
3402.366943
3404.890869
3405.592041
3406.502686
3408.227295
3418.903809
3422.375000
3426.331299
3446.907227
3448.231689
3464.678467
3471.208008
3475.531006
3477.367432
3486.219238
3486.418457
3488.987305
3500.028076
3500.702393
3514.866943
3516.526367
3519.805908
3519.846191
3520.161621
3529.288330
3536.170898
3541.251953
3542.108398
3547.038574
3551.055176
3562.822021
3566.206055
3575.638184
3580.266113
3580.280518
3587.423096
3587.864258
3598.085205
3602.049561
3609.113525
3609.622803
3611.761963
3616.436035
3616.907715
3618.807861
3619.090576
3620.226563
3620.702393
3624.645996
3631.031006
3634.698975
3634.917480
3647.939209
3654.459961
3656.991211
3668.382813
3671.532715
3676.239990
3676.979248
3677.395752
3679.549072
3689.639648
3692.040283
3692.495117
3700.280029
3703.550781
3709.747803
3723.839355
3743.079102
3747.249756
3762.928711
3823.602539
3832.687012
3839.156738
3840.368896
3850.941162
3853.173340
3860.588867
3863.066162
3875.419189
3877.765381
3882.034912
3888.506348
3889.929199
3890.774414
3890.956299
3909.316406
3914.169189
3919.286865
3927.245361
3929.651123
3931.255859
3931.805908
3934.419678
3937.683594
3950.066406
3951.542725
3953.055664
3961.745361
3964.080078
3966.384277
3968.193848
3983.816895
3996.795898
4021.370850
4030.965820
4033.930420
4042.942139
4043.213867
4045.828125
4049.430908
4050.136475
4051.160889
4059.076172
4061.096436
4069.251709
4075.478027
4089.163574
4090.560059
4096.890625
4118.221191
4119.937988
4135.644531
4135.799316
4147.823730
4177.343262
4182.753418
4184.099609
4199.864746
4210.095703
4215.893066
4217.387207
4222.120117
4226.619629
4247.120117
4248.647949
4260.575195
4263.926270
4264.510742
4276.651367
4279.000977
4280.575684
4284.794434
4285.264160
4285.311035
4286.546387
4295.211426
4297.459961
4297.953125
4311.557129
4317.917480
4323.715332
4329.436035
4332.758301
4338.439941
4344.833496
4347.471191
4348.586426
4348.860840
4351.562988
4356.470215
4362.474609
4367.555664
4371.208008
4377.003418
4379.425293
4389.055664
4389.627441
4391.467285
4391.626465
4395.361816
4396.141113
4414.240723
4430.304688
4434.074707
4454.247559
4461.989258
4469.940430
4481.588379
4506.636230
4512.779297
4526.364746
4531.351074
4563.010742
4564.754883
4568.183105
4568.890137
4592.568359
4602.864746
4606.626465
4607.081055
4610.533203
4613.720703
4628.178711
4635.442383
4637.290039
4646.427246
4651.101074
4668.666992
4669.732910
4674.350586
4678.986328
4681.215820
4686.717285
4696.000488
4696.652832
4697.593750
4705.343262
4705.566406
4705.729980
4710.095703
4715.683594
4722.743164
4726.653320
4735.042480
4751.647461
4753.166992
4758.911621
4780.127930
4786.743652
4792.839844
4801.406738
4806.801758
4819.395996
4823.012207
4829.708984
4872.960938
4883.602539
4906.110840
4945.934082
4946.120117
4956.797852
4959.463379
4966.351074
4981.875488
4990.611816
4992.011719
4993.146484
5021.064453
5027.708008
5031.335449
5034.307129
5040.992188
5052.252441
5053.003906
5070.657715
5076.597656
5094.080566
5104.555664
5137.390625
5140.422363
5159.716797
5162.027832
5176.111816
5177.270508
5182.125488
5183.232422
5186.866699
5207.624023
5212.461914
5229.959961
5249.643066
5252.220215
5266.118652
5273.251465
5278.156738
5283.474609
5299.662109
5312.083496
5329.472168
5338.346191
5343.210449
5345.465332
5357.462402
5359.901367
5365.604492
5368.067871
5378.774902
5426.335938
5426.996582
5431.070801
5431.571777
5442.443848
5458.448730
5458.949219
5460.747559
5468.879395
5485.285156
5517.445313
5532.702637
5563.660156
5576.982910
5584.077637
5611.873535
5617.855957
5621.924805
5632.431641
5653.503418
5660.203613
5686.634277
5698.168457
5706.343750
5708.591797
5708.752441
5748.342285
5762.244629
5771.855957
5772.708496
5773.955566
5786.648926
5788.323730
5816.240234
5830.871094
5836.998047
5839.015625
5881.088379
5891.712402
5902.758301
5912.005371
5914.720215
5945.987793
5956.116699
5965.464844
5972.842773
5979.979004
5982.244629
6000.585449
6002.066895
6008.847656
6010.934570
6021.354492
6023.125977
6028.942871
6040.291016
6050.723633
6075.466309
6120.324219
6134.932617
6145.721191
6177.808594
6178.678223
6185.678223
6198.373047
6202.368164
6224.779297
6248.524902
6253.813477
6266.381836
6273.402832
6277.600098
6283.026855
6284.330078
6284.772949
6289.088867
6313.588379
6337.003906
6337.100586
6341.219727
6362.501953
6375.217285
6383.195313
6383.920410
6392.276367
6418.836426
6432.503906
6435.220703
6445.897461
6460.561035
6474.122070
6476.804199
6500.002930
6506.743164
6508.519043
6534.308105
6580.345215
6582.734375
6595.206055
6616.160156
6629.004883
6672.586426
6706.299316
6713.021973
6745.461426
6754.234863
6757.805664
6794.609863
6804.388184
6813.088867
6828.351563
6830.134277
6834.318359
6877.268555
6882.963379
6928.296875
6933.269531
6976.770508
7013.212402
7026.701172
7100.628418
7120.717285
7130.392090
7133.993164
7139.655273
7172.876953
7182.761719
7189.564941
7215.623535
7242.332031
7262.260254
7303.784668
7321.561035
7369.053223
7390.364746
7392.130371
7394.629883
7407.991211
7411.241699
7450.721680
7462.785156
7482.818848
7501.604492
7507.842773
7520.104492
7536.036621
7538.722168
7544.713867
7555.575684
7564.826172
7566.628418
7577.250488
7602.277832
7634.170898
7643.231445
7666.907715
7678.433594
7697.564453
7722.405762
7726.785156
7737.088379
7744.855957
7799.948730
7804.173828
7843.435059
7858.029297
7865.962891
7909.411621
7943.959473
7969.104980
7976.047852
7985.991699
7986.739258
7988.710449
8004.078125
8063.717285
8096.404297
8097.146484
8106.400391
8147.807617
8185.609375
8262.979492
8295.389648
8416.991211
