
         0         9     99999         1     99999        13        11     99999     99999         5     99999     99999     99999     99999     99999     99999     99999     99999         1     99999     99999     99999     99999     99999         5
         9         0     99999     99999         6     99999     99999     99999     99999     99999     99999     99999     99999        13         9     99999     99999     99999        11        13     99999     99999     99999        15     99999
     99999     99999         0        17     99999     99999        11     99999     99999     99999     99999     99999     99999     99999     99999     99999         4     99999     99999     99999        17        13        11     99999     99999
         1     99999        17         0     99999     99999     99999         5     99999     99999         8         5     99999     99999     99999     99999         4     99999     99999     99999     99999     99999     99999        17     99999
     99999         6     99999     99999         0     99999     99999     99999     99999        13     99999         1        19         6     99999     99999     99999     99999     99999     99999     99999     99999     99999     99999     99999
        13     99999     99999     99999     99999         0     99999     99999     99999     99999     99999     99999     99999        14         9         9         9     99999     99999        11     99999         4        15     99999     99999
        11     99999        11     99999     99999     99999         0     99999     99999     99999     99999     99999     99999         7     99999     99999     99999        18     99999     99999     99999     99999     99999         6     99999
     99999     99999     99999         5     99999     99999     99999         0         5         3     99999     99999     99999     99999     99999     99999     99999     99999         6        11     99999     99999     99999     99999     99999
     99999     99999     99999     99999     99999     99999     99999         5         0        12     99999     99999     99999         8     99999     99999     99999        17         3     99999     99999     99999     99999     99999     99999
         5     99999     99999     99999        13     99999     99999         3        12         0     99999     99999     99999         8     99999     99999     99999         4         4     99999     99999     99999     99999        12     99999
     99999     99999     99999         8     99999     99999     99999     99999     99999     99999         0        16     99999     99999     99999     99999     99999     99999     99999     99999     99999     99999     99999     99999     99999
     99999     99999     99999         5         1     99999     99999     99999     99999     99999        16         0     99999     99999        12     99999     99999     99999     99999        11     99999     99999     99999     99999        17
     99999     99999     99999     99999        19     99999     99999     99999     99999     99999     99999     99999         0     99999     99999        13     99999     99999     99999     99999     99999     99999        16     99999     99999
     99999        13     99999     99999         6        14         7     99999         8         8     99999     99999     99999         0     99999     99999     99999     99999     99999     99999         5     99999     99999     99999     99999
     99999         9     99999     99999     99999         9     99999     99999     99999     99999     99999        12     99999     99999         0     99999     99999     99999     99999     99999     99999     99999     99999     99999     99999
     99999     99999     99999     99999     99999         9     99999     99999     99999     99999     99999     99999        13     99999     99999         0     99999     99999     99999     99999     99999     99999     99999     99999     99999
     99999     99999         4         4     99999         9     99999     99999     99999     99999     99999     99999     99999     99999     99999     99999         0         1     99999     99999        12     99999     99999     99999         5
     99999     99999     99999     99999     99999     99999        18     99999        17         4     99999     99999     99999     99999     99999     99999         1         0     99999     99999     99999     99999     99999     99999         4
         1        11     99999     99999     99999     99999     99999         6         3         4     99999     99999     99999     99999     99999     99999     99999     99999         0     99999     99999     99999     99999     99999     99999
     99999        13     99999     99999     99999        11     99999        11     99999     99999     99999        11     99999     99999     99999     99999     99999     99999     99999         0     99999     99999     99999     99999     99999
     99999     99999        17     99999     99999     99999     99999     99999     99999     99999     99999     99999     99999         5     99999     99999        12     99999     99999     99999         0     99999     99999         6         5
     99999     99999        13     99999     99999         4     99999     99999     99999     99999     99999     99999     99999     99999     99999     99999     99999     99999     99999     99999     99999         0     99999     99999        13
     99999     99999        11     99999     99999        15     99999     99999     99999     99999     99999     99999        16     99999     99999     99999     99999     99999     99999     99999     99999     99999         0     99999     99999
     99999        15     99999        17     99999     99999         6     99999     99999        12     99999     99999     99999     99999     99999     99999     99999     99999     99999     99999         6     99999     99999         0        14
         5     99999     99999     99999     99999     99999     99999     99999     99999     99999     99999        17     99999     99999     99999     99999         5         4     99999     99999         5        13     99999        14         0